%YAML:1.0
---
camera_matrix: !!opencv-matrix
   rows: 3
   cols: 3
   dt: d
   data: [ 1714.376518432563, 0., 866.62363424435102, 0.,
       1719.6617181542169, 877.74527497143106, 0., 0., 1. ]
dist_coeff: !!opencv-matrix
   rows: 1
   cols: 5
   dt: d
   data: [ -0.18339728310784573, 0.4580811383473713,
       0.0047095592508156828, 0.0030790215991412535,
       -0.68819001028832738 ]
